|  242486 |    886 |        50 |          5 |   7942 |
|  242529 |    886 |        50 |          1 |   2464 |
|  242621 |    887 |        50 |          1 |   6917 |
|  242663 |    887 |        50 |          5 |   5146 |
|  242752 |    887 |        50 |          2 |   4652 |
|  242808 |    887 |        50 |          4 |   2834 |
|  242827 |    887 |        50 |          3 |   1946 |
|  242905 |    888 |        50 |          4 |   4224 |
|  243024 |    888 |        50 |          2 |   7722 |
|  243032 |    888 |        50 |          5 |   2383 |
|  243082 |    888 |        50 |          3 |   7675 |
|  243153 |    889 |        50 |          3 |   2562 |
|  243191 |    889 |        50 |          5 |   7965 |
|  243209 |    889 |        50 |          4 |   6825 |
|  243318 |    889 |        50 |          2 |   5043 |
|  243395 |    890 |        50 |          3 |     12 |
|  243461 |    890 |        50 |          5 |    335 |
|  243484 |    890 |        50 |          2 |   3692 |
|  243497 |    890 |        50 |          4 |   6691 |
|  243653 |    890 |        50 |          1 |   2225 |
|  243707 |    891 |        50 |          2 |   2976 |
|  243824 |    891 |        50 |          1 |   5731 |
|  243855 |    891 |        50 |          5 |   4229 |
|  243882 |    891 |        50 |          3 |   2797 |
|  243956 |    892 |        50 |          5 |   2056 |
|  243998 |    892 |        50 |          3 |   3727 |
|  244039 |    892 |        50 |          4 |   7190 |
|  244111 |    892 |        50 |          2 |   2800 |
|  244137 |    892 |        50 |          1 |    202 |
|  244288 |    893 |        50 |          1 |   3821 |
|  244324 |    893 |        50 |          3 |   1177 |
|  244351 |    893 |        50 |          2 |   6650 |
|  244415 |    893 |        50 |          5 |   1018 |
|  244477 |    893 |        50 |          4 |   5911 |
|  244500 |    894 |        50 |          2 |   7932 |
|  244625 |    894 |        50 |          1 |   6442 |
|  244646 |    894 |        50 |          5 |     86 |
|  244660 |    894 |        50 |          4 |    456 |
|  244813 |    895 |        50 |          5 |   7945 |
|  244851 |    895 |        50 |          1 |   1118 |
|  244870 |    895 |        50 |          2 |    739 |
|  244896 |    895 |        50 |          3 |   4021 |
|  245002 |    895 |        50 |          4 |   4278 |
|  245071 |    896 |        50 |          4 |    107 |
|  245113 |    896 |        50 |          2 |   6787 |
|  245127 |    896 |        50 |          1 |   7571 |
|  245189 |    896 |        50 |          5 |    916 |
|  245270 |    896 |        50 |          3 |    307 |
|  245320 |    897 |        50 |          3 |   2242 |
|  245347 |    897 |        50 |          2 |   7956 |
|  245532 |    897 |        50 |          1 |    372 |
|  245554 |    897 |        50 |          5 |   5679 |
|  245648 |    898 |        50 |          5 |   5248 |
|  245664 |    898 |        50 |          1 |   7676 |
|  245677 |    898 |        50 |          4 |   3969 |
|  245697 |    898 |        50 |          2 |   6571 |
|  245745 |    898 |        50 |          3 |    916 |
|  245967 |    899 |        50 |          5 |   4911 |
|  245987 |    899 |        50 |          2 |   6591 |
|  246025 |    899 |        50 |          1 |   6476 |
|  246045 |    899 |        50 |          4 |   4196 |
|  246107 |    899 |        50 |          3 |   7693 |
|  246131 |    900 |        50 |          1 |   5181 |
|  246272 |    900 |        50 |          3 |   4408 |
|  246297 |    900 |        50 |          5 |   5722 |
|  246301 |    900 |        50 |          2 |    411 |
|  246317 |    900 |        50 |          4 |   1115 |
|  246457 |    901 |        50 |          4 |   6658 |
|  246475 |    901 |        50 |          1 |    636 |
|  246504 |    901 |        50 |          3 |   5151 |
|  246533 |    901 |        50 |          5 |   4476 |
|  246551 |    901 |        50 |          2 |   1683 |
|  246673 |    902 |        50 |          5 |   3001 |
|  246682 |    902 |        50 |          2 |   4462 |
|  246721 |    902 |        50 |          1 |   3599 |
|  246806 |    902 |        50 |          4 |   5330 |
|  246944 |    902 |        50 |          3 |   6563 |
|  246985 |    903 |        50 |          4 |   3611 |
|  247031 |    903 |        50 |          3 |   4843 |
|  247050 |    903 |        50 |          1 |   5201 |
|  247079 |    903 |        50 |          2 |   6899 |
|  247093 |    903 |        50 |          5 |   2584 |
|  247277 |    904 |        50 |          4 |   6725 |
|  247355 |    904 |        50 |          1 |   4437 |
|  247394 |    904 |        50 |          5 |   1275 |
|  247420 |    904 |        50 |          3 |   4104 |
|  247442 |    904 |        50 |          2 |   1285 |
|  247550 |    905 |        50 |          1 |   1889 |
|  247574 |    905 |        50 |          2 |   2816 |
|  247584 |    905 |        50 |          5 |   5480 |
|  247678 |    905 |        50 |          3 |   3908 |
|  247722 |    905 |        50 |          4 |    837 |
|  247841 |    906 |        50 |          5 |   6849 |
|  247889 |    906 |        50 |          1 |   6148 |
|  247900 |    906 |        50 |          2 |   6655 |
|  247917 |    906 |        50 |          4 |   5601 |
|  248024 |    906 |        50 |          3 |   6730 |
|  248061 |    907 |        50 |          1 |   1897 |
|  248076 |    907 |        50 |          2 |   4861 |
|  248126 |    907 |        50 |          4 |   7679 |
|  248158 |    907 |        50 |          5 |   2519 |
|  248193 |    907 |        50 |          3 |   3356 |
|  248383 |    908 |        50 |          3 |   6332 |
|  248465 |    908 |        50 |          5 |   6567 |
|  248478 |    908 |        50 |          1 |   5492 |
|  248523 |    908 |        50 |          4 |   1862 |
|  248545 |    908 |        50 |          2 |   7605 |
|  248688 |    909 |        50 |          2 |   2728 |
|  248722 |    909 |        50 |          5 |   7170 |
|  248730 |    909 |        50 |          4 |   6011 |
|  248848 |    909 |        50 |          1 |   7688 |
|  248860 |    909 |        50 |          3 |   4409 |
|  248866 |    910 |        50 |          1 |   6596 |
|  248935 |    910 |        50 |          5 |   1478 |
|  248983 |    910 |        50 |          4 |   4057 |
|  249016 |    910 |        50 |          2 |   6031 |
|  249088 |    910 |        50 |          3 |   2437 |
|  249160 |    911 |        50 |          5 |   3304 |
|  249240 |    911 |        50 |          1 |    367 |
|  249267 |    911 |        50 |          4 |   3106 |
|  249286 |    911 |        50 |          3 |   5812 |
|  249369 |    911 |        50 |          2 |   1893 |
|  249435 |    912 |        50 |          4 |   4385 |
|  249568 |    912 |        50 |          1 |   1748 |
|  249618 |    912 |        50 |          5 |   6483 |
|  249674 |    912 |        50 |          2 |   5657 |
|  249681 |    912 |        50 |          3 |   7255 |
|  249745 |    913 |        50 |          1 |    927 |
|  249767 |    913 |        50 |          5 |   3223 |
|  249908 |    913 |        50 |          2 |   3666 |
|  249931 |    913 |        50 |          4 |   1388 |
|  249948 |    913 |        50 |          3 |   3372 |
|  250014 |    914 |        50 |          1 |   5563 |
|  250057 |    914 |        50 |          2 |   2979 |
|  250086 |    914 |        50 |          5 |   7205 |
|  250195 |    914 |        50 |          4 |   5979 |
|  250227 |    914 |        50 |          3 |   5757 |
|  250373 |    915 |        50 |          5 |   6732 |
|  250402 |    915 |        50 |          3 |   7045 |
|  250440 |    915 |        50 |          2 |   7547 |
|  250451 |    915 |        50 |          4 |   3760 |
|  250478 |    915 |        50 |          1 |   1083 |
|  250555 |    916 |        50 |          1 |   4767 |
|  250646 |    916 |        50 |          5 |   7098 |
|  250671 |    916 |        50 |          4 |   1577 |
|  250706 |    916 |        50 |          3 |   7064 |
|  250767 |    916 |        50 |          2 |   1046 |
|  250856 |    917 |        50 |          3 |   3964 |
|  250922 |    917 |        50 |          4 |   7222 |
|  250929 |    917 |        50 |          1 |   2550 |
|  250932 |    917 |        50 |          5 |   6785 |
|  251081 |    918 |        50 |          2 |   4037 |
|  251096 |    918 |        50 |          5 |   5490 |
|  251139 |    918 |        50 |          3 |   1475 |
|  251142 |    918 |        50 |          4 |   5409 |
|  251294 |    918 |        50 |          1 |   4311 |
|  251342 |    919 |        50 |          2 |   7447 |
|  251404 |    919 |        50 |          3 |   6000 |
|  251405 |    919 |        50 |          1 |   1605 |
|  251426 |    919 |        50 |          5 |   1602 |
|  251519 |    919 |        50 |          4 |   2950 |
|  251647 |    920 |        50 |          1 |   7090 |
|  251653 |    920 |        50 |          5 |   4026 |
|  251666 |    920 |        50 |          3 |   4545 |
|  251788 |    920 |        50 |          4 |   2738 |
|  251868 |    920 |        50 |          2 |   7087 |
|  251918 |    921 |        50 |          4 |   6168 |
|  251986 |    921 |        50 |          5 |   6776 |
|  252050 |    921 |        50 |          3 |   5717 |
|  252125 |    921 |        50 |          1 |    527 |
|  252133 |    921 |        50 |          2 |   3654 |
|  252285 |    922 |        50 |          2 |   6397 |
|  252318 |    922 |        50 |          1 |   6408 |
|  252325 |    922 |        50 |          4 |   7319 |
|  252413 |    922 |        50 |          5 |   5864 |
|  252459 |    923 |        50 |          3 |   1454 |
|  252478 |    923 |        50 |          4 |   1758 |
|  252519 |    923 |        50 |          2 |   3556 |
|  252526 |    923 |        50 |          5 |   2375 |
|  252593 |    923 |        50 |          1 |   1675 |
|  252709 |    924 |        50 |          3 |   1372 |
|  252748 |    924 |        50 |          5 |    646 |
|  252844 |    924 |        50 |          4 |   1435 |
|  252894 |    924 |        50 |          1 |   4280 |
|  252940 |    924 |        50 |          2 |   5342 |
|  252982 |    925 |        50 |          4 |    677 |
|  253008 |    925 |        50 |          5 |   6152 |
|  253083 |    925 |        50 |          1 |   1707 |
|  253134 |    925 |        50 |          3 |   1126 |
|  253211 |    925 |        50 |          2 |    919 |
|  253323 |    926 |        50 |          5 |   6140 |
|  253350 |    926 |        50 |          1 |   5423 |
|  253396 |    926 |        50 |          3 |   6116 |
|  253428 |    926 |        50 |          2 |    547 |
|  253471 |    926 |        50 |          4 |   6386 |
|  253522 |    927 |        50 |          4 |   3051 |
|  253552 |    927 |        50 |          2 |   4093 |
|  253645 |    927 |        50 |          5 |    123 |
|  253712 |    927 |        50 |          3 |   5291 |
|  253758 |    927 |        50 |          1 |   3225 |
|  253867 |    928 |        50 |          2 |   5161 |
|  253928 |    928 |        50 |          1 |   4357 |
|  253960 |    928 |        50 |          3 |   5017 |
|  254016 |    928 |        50 |          5 |   5874 |
|  254038 |    928 |        50 |          4 |   3349 |
|  254107 |    929 |        50 |          2 |   2931 |
|  254116 |    929 |        50 |          5 |   5310 |
|  254122 |    929 |        50 |          1 |    897 |
|  254210 |    929 |        50 |          4 |    113 |
|  254298 |    929 |        50 |          3 |    364 |
|  254387 |    930 |        50 |          4 |   1293 |
|  254412 |    930 |        50 |          2 |   1814 |
|  254475 |    930 |        50 |          3 |   4740 |
|  254571 |    930 |        50 |          5 |   4586 |
|  254598 |    931 |        50 |          3 |   5841 |
|  254613 |    931 |        50 |          1 |    472 |
|  254626 |    931 |        50 |          5 |   4133 |
|  254647 |    931 |        50 |          2 |   7440 |
|  254784 |    931 |        50 |          4 |   7447 |
|  254957 |    932 |        50 |          3 |    288 |
|  255079 |    932 |        50 |          4 |   3439 |
|  255091 |    932 |        50 |          1 |     91 |
|  255127 |    932 |        50 |          2 |   1525 |
|  255203 |    933 |        50 |          1 |   3313 |
|  255242 |    933 |        50 |          4 |   2491 |
|  255246 |    933 |        50 |          3 |   4721 |
|  255382 |    933 |        50 |          2 |   7598 |
|  255398 |    933 |        50 |          5 |   2061 |
|  255517 |    934 |        50 |          2 |   1843 |
|  255578 |    934 |        50 |          1 |    105 |
|  255586 |    934 |        50 |          4 |   2145 |
|  255638 |    934 |        50 |          3 |   5523 |
|  255678 |    934 |        50 |          5 |   2673 |
|  255751 |    935 |        50 |          5 |   7358 |
|  255793 |    935 |        50 |          1 |   7720 |
|  255805 |    935 |        50 |          3 |   1662 |
|  255815 |    935 |        50 |          2 |   3087 |
|  255896 |    935 |        50 |          4 |   5309 |
|  256074 |    936 |        50 |          1 |   1131 |
|  256103 |    936 |        50 |          2 |   5815 |
|  256156 |    936 |        50 |          4 |    997 |
|  256189 |    936 |        50 |          5 |   7651 |
|  256197 |    936 |        50 |          3 |   3673 |
|  256315 |    937 |        50 |          4 |   1289 |
|  256328 |    937 |        50 |          3 |   6193 |
|  256381 |    937 |        50 |          5 |   1509 |
|  256453 |    937 |        50 |          2 |   2949 |
|  256497 |    937 |        50 |          1 |   7707 |
|  256552 |    938 |        50 |          1 |   5337 |
|  256570 |    938 |        50 |          2 |   4370 |
|  256585 |    938 |        50 |          4 |   2217 |
|  256626 |    938 |        50 |          3 |   6961 |
|  256760 |    938 |        50 |          5 |   3761 |
|  256869 |    939 |        50 |          1 |   1433 |
|  256871 |    939 |        50 |          2 |   1852 |
|  256946 |    939 |        50 |          5 |    189 |
|  256947 |    939 |        50 |          4 |   3406 |
|  257021 |    939 |        50 |          3 |   6966 |
|  257228 |    940 |        50 |          3 |   2704 |
|  257296 |    940 |        50 |          5 |   3639 |
|  257298 |    940 |        50 |          1 |   5912 |
|  257318 |    940 |        50 |          2 |   1959 |
|  257323 |    940 |        50 |          4 |   2054 |
|  257396 |    941 |        50 |          4 |   6486 |
|  257407 |    941 |        50 |          1 |   4439 |
|  257506 |    941 |        50 |          3 |   5194 |
|  257518 |    941 |        50 |          5 |   2605 |
|  257597 |    941 |        50 |          2 |    208 |
|  257603 |    942 |        50 |          3 |    366 |
|  257672 |    942 |        50 |          2 |    208 |
|  257764 |    942 |        50 |          4 |   1057 |
|  257766 |    942 |        50 |          5 |   5635 |
|  257870 |    942 |        50 |          1 |   1837 |
|  257919 |    943 |        50 |          2 |   6877 |
|  257941 |    943 |        50 |          1 |   6017 |
|  257964 |    943 |        50 |          4 |   2399 |
|  258065 |    943 |        50 |          3 |   5423 |
|  258180 |    944 |        50 |          2 |   2594 |
|  258197 |    944 |        50 |          3 |   7975 |
|  258290 |    944 |        50 |          4 |   1773 |
|  258359 |    944 |        50 |          1 |   1453 |
|  258387 |    944 |        50 |          5 |   1938 |
|  258462 |    945 |        50 |          1 |   3069 |
|  258497 |    945 |        50 |          3 |   1252 |
|  258528 |    945 |        50 |          5 |   2136 |
|  258597 |    945 |        50 |          4 |   4596 |
|  258657 |    945 |        50 |          2 |   4105 |
|  258752 |    946 |        50 |          2 |   7166 |
|  258879 |    946 |        50 |          4 |   5084 |
|  258919 |    946 |        50 |          1 |   4020 |
|  258924 |    946 |        50 |          3 |   4464 |
|  258958 |    946 |        50 |          5 |   5195 |
|  259069 |    947 |        50 |          1 |    299 |
|  259139 |    947 |        50 |          3 |   7137 |
|  259152 |    947 |        50 |          4 |   2603 |
|  259194 |    947 |        50 |          5 |   7259 |
|  259317 |    948 |        50 |          1 |   4062 |
|  259354 |    948 |        50 |          3 |   6383 |
|  259419 |    948 |        50 |          5 |   1110 |
|  259494 |    948 |        50 |          4 |   2573 |
|  259542 |    949 |        50 |          3 |   5527 |
|  259616 |    949 |        50 |          2 |   7846 |
|  259755 |    949 |        50 |          1 |   6551 |
|  259765 |    949 |        50 |          4 |   1008 |
|  259780 |    949 |        50 |          5 |   5746 |
|  259829 |    950 |        50 |          2 |   6807 |
|  259876 |    950 |        50 |          4 |   5160 |
|  259933 |    950 |        50 |          3 |   1498 |
|  259951 |    950 |        50 |          5 |   2135 |
|  259988 |    950 |        50 |          1 |   4488 |
|  260058 |    951 |        50 |          4 |   7454 |
|  260136 |    951 |        50 |          1 |   3095 |
|  260159 |    951 |        50 |          5 |    513 |
|  260185 |    951 |        50 |          2 |   7904 |
|  260240 |    951 |        50 |          3 |   5442 |
|  260363 |    952 |        50 |          5 |   4045 |
|  260476 |    952 |        50 |          3 |   6597 |
|  260552 |    952 |        50 |          4 |   4127 |
|  260584 |    952 |        50 |          1 |   4351 |
|  260588 |    952 |        50 |          2 |   5969 |
|  260626 |    953 |        50 |          2 |    671 |
|  260652 |    953 |        50 |          3 |   7064 |
|  260658 |    953 |        50 |          1 |   4959 |
|  260665 |    953 |        50 |          4 |   4230 |
|  260718 |    953 |        50 |          5 |   7975 |
|  260891 |    954 |        50 |          3 |   3290 |
|  260904 |    954 |        50 |          5 |    492 |
|  261025 |    954 |        50 |          2 |   1204 |
|  261052 |    954 |        50 |          4 |   7557 |
|  261123 |    954 |        50 |          1 |   2375 |
|  261165 |    955 |        50 |          3 |    650 |
|  261301 |    955 |        50 |          1 |   6861 |
|  261302 |    955 |        50 |          2 |   7084 |
|  261355 |    955 |        50 |          4 |   7668 |
|  261396 |    955 |        50 |          5 |   3928 |
|  261447 |    956 |        50 |          3 |   2960 |
|  261472 |    956 |        50 |          2 |   6872 |
|  261514 |    956 |        50 |          4 |   2983 |
|  261555 |    956 |        50 |          5 |   1982 |
|  261599 |    956 |        50 |          1 |   2752 |
|  261727 |    957 |        50 |          2 |   6537 |
|  261748 |    957 |        50 |          1 |    861 |
|  261760 |    957 |        50 |          4 |   6373 |
|  261844 |    957 |        50 |          3 |   6049 |
|  261946 |    957 |        50 |          5 |   1191 |
|  262062 |    958 |        50 |          3 |   2627 |
|  262100 |    958 |        50 |          1 |   6662 |
|  262129 |    958 |        50 |          2 |   7790 |
|  262144 |    958 |        50 |          5 |   2026 |
|  262195 |    958 |        50 |          4 |   4165 |
|  262265 |    959 |        50 |          4 |   3854 |
|  262357 |    959 |        50 |          3 |   1714 |
|  262369 |    959 |        50 |          5 |   6557 |
|  262482 |    959 |        50 |          2 |   7493 |
|  262499 |    959 |        50 |          1 |   5384 |
|  262553 |    960 |        50 |          1 |   5974 |
|  262586 |    960 |        50 |          5 |   1158 |
|  262647 |    960 |        50 |          4 |   4131 |
|  262657 |    960 |        50 |          2 |   5982 |
|  262707 |    960 |        50 |          3 |   5808 |
|  262817 |    961 |        50 |          2 |   5036 |
|  262910 |    961 |        50 |          4 |   1018 |
|  262920 |    961 |        50 |          1 |   6590 |
|  262967 |    961 |        50 |          3 |   2184 |
|  263097 |    962 |        50 |          1 |   1347 |
|  263130 |    962 |        50 |          4 |   5822 |
|  263169 |    962 |        50 |          3 |    560 |
|  263299 |    962 |        50 |          5 |   6235 |
|  263368 |    963 |        50 |          1 |   1785 |
|  263433 |    963 |        50 |          2 |   3282 |
|  263440 |    963 |        50 |          4 |   2395 |
|  263469 |    963 |        50 |          3 |   3750 |
|  263520 |    963 |        50 |          5 |   4216 |
|  263637 |    964 |        50 |          1 |   7275 |
|  263751 |    964 |        50 |          5 |   7448 |
|  263817 |    964 |        50 |          3 |   4436 |
|  263830 |    964 |        50 |          4 |   1629 |
|  263844 |    964 |        50 |          2 |   6301 |
|  263889 |    965 |        50 |          1 |   1006 |
|  263890 |    965 |        50 |          4 |   2939 |
|  264046 |    965 |        50 |          5 |   3959 |
|  264070 |    965 |        50 |          3 |   2013 |
|  264112 |    965 |        50 |          2 |   2002 |
|  264161 |    966 |        50 |          3 |   3318 |
|  264256 |    966 |        50 |          4 |   4283 |
|  264263 |    966 |        50 |          2 |   5808 |
|  264327 |    966 |        50 |          1 |   5620 |
|  264355 |    966 |        50 |          5 |   2473 |
|  264425 |    967 |        50 |          5 |    183 |
|  264452 |    967 |        50 |          3 |   4039 |
|  264574 |    967 |        50 |          2 |   6826 |
|  264674 |    967 |        50 |          1 |   3161 |
|  264689 |    967 |        50 |          4 |   1713 |
|  264742 |    968 |        50 |          4 |   2178 |
|  264841 |    968 |        50 |          2 |   7198 |
|  264854 |    968 |        50 |          1 |   4782 |
|  264889 |    968 |        50 |          5 |   1203 |
|  264949 |    968 |        50 |          3 |   5116 |
|  264991 |    969 |        50 |          4 |   7773 |
|  265013 |    969 |        50 |          3 |   7866 |
|  265020 |    969 |        50 |          5 |   2333 |
|  265115 |    969 |        50 |          2 |   2218 |
|  265208 |    969 |        50 |          1 |   7922 |
|  265270 |    970 |        50 |          5 |   1333 |
|  265302 |    970 |        50 |          1 |   5407 |
|  265386 |    970 |        50 |          2 |   7945 |
|  265438 |    970 |        50 |          4 |   4782 |
|  265441 |    970 |        50 |          3 |    986 |
|  265568 |    971 |        50 |          2 |   4698 |
|  265599 |    971 |        50 |          3 |    678 |
|  265690 |    971 |        50 |          5 |   5843 |
|  265762 |    971 |        50 |          4 |   1798 |
|  265776 |    971 |        50 |          1 |   7476 |
|  265834 |    972 |        50 |          4 |   4967 |
|  265889 |    972 |        50 |          5 |   3975 |
|  265914 |    972 |        50 |          1 |    405 |
|  265952 |    972 |        50 |          2 |    430 |
|  266004 |    972 |        50 |          3 |   3374 |
|  266202 |    973 |        50 |          1 |   4452 |
|  266231 |    973 |        50 |          5 |   7295 |
|  266239 |    973 |        50 |          2 |   6075 |
|  266255 |    973 |        50 |          4 |   1541 |
|  266258 |    973 |        50 |          3 |   5211 |
|  266328 |    974 |        50 |          2 |   7049 |
|  266341 |    974 |        50 |          5 |   4782 |
|  266386 |    974 |        50 |          3 |   3147 |
|  266447 |    974 |        50 |          1 |   7575 |
|  266585 |    974 |        50 |          4 |    185 |
|  266625 |    975 |        50 |          5 |   5066 |
|  266732 |    975 |        50 |          1 |   2905 |
|  266739 |    975 |        50 |          4 |   6708 |
|  266768 |    975 |        50 |          2 |   7868 |
|  266830 |    975 |        50 |          3 |   5771 |
|  266954 |    976 |        50 |          3 |   4915 |
|  266982 |    976 |        50 |          5 |   2132 |
|  266987 |    976 |        50 |          2 |   3742 |
|  267008 |    976 |        50 |          4 |   1910 |
|  267025 |    976 |        50 |          1 |   1896 |
|  267165 |    977 |        50 |          4 |   6208 |
|  267283 |    977 |        50 |          1 |   6423 |
|  267316 |    977 |        50 |          3 |   7301 |
|  267329 |    977 |        50 |          5 |   1039 |
|  267384 |    977 |        50 |          2 |   1704 |
|  267491 |    978 |        50 |          4 |   2789 |
|  267520 |    978 |        50 |          2 |   3244 |
|  267659 |    978 |        50 |          1 |   4823 |
|  267676 |    978 |        50 |          3 |   3828 |
|  267681 |    978 |        50 |          5 |   2184 |
|  267756 |    979 |        50 |          3 |   3101 |
|  267786 |    979 |        50 |          1 |   2650 |
|  267850 |    979 |        50 |          4 |   3516 |
|  267864 |    979 |        50 |          2 |   5273 |
|  267914 |    979 |        50 |          5 |   6921 |
|  268034 |    980 |        50 |          2 |    452 |
|  268100 |    980 |        50 |          3 |   5297 |
|  268206 |    980 |        50 |          1 |    318 |
|  268213 |    980 |        50 |          5 |   4670 |
|  268229 |    980 |        50 |          4 |   4933 |
|  268264 |    981 |        50 |          2 |   1462 |
|  268435 |    981 |        50 |          3 |   3841 |
|  268477 |    981 |        50 |          5 |   7933 |
|  268486 |    981 |        50 |          1 |   6168 |
|  268493 |    981 |        50 |          4 |   1310 |
|  268612 |    982 |        50 |          2 |   1782 |
|  268635 |    982 |        50 |          4 |   6408 |
|  268692 |    982 |        50 |          5 |   2533 |
|  268707 |    982 |        50 |          3 |   4134 |
|  268762 |    982 |        50 |          1 |   7917 |
|  268869 |    983 |        50 |          3 |   7100 |
|  268916 |    983 |        50 |          1 |   2471 |
|  268917 |    983 |        50 |          5 |   1851 |
|  268983 |    983 |        50 |          2 |   5012 |
|  269039 |    983 |        50 |          4 |    596 |
|  269087 |    984 |        50 |          4 |   5171 |
|  269104 |    984 |        50 |          3 |   6252 |
|  269200 |    984 |        50 |          2 |   1995 |
|  269209 |    984 |        50 |          1 |   4893 |
|  269310 |    984 |        50 |          5 |   2147 |
|  269413 |    985 |        50 |          4 |   7911 |
|  269524 |    985 |        50 |          1 |   5993 |
|  269550 |    985 |        50 |          5 |   3040 |
|  269563 |    985 |        50 |          3 |   6452 |
|  269761 |    986 |        50 |          1 |   1419 |
|  269810 |    986 |        50 |          5 |   7769 |
|  269834 |    986 |        50 |          3 |   6125 |
|  269848 |    986 |        50 |          4 |   3523 |
|  269878 |    986 |        50 |          2 |   4792 |
|  269912 |    987 |        50 |          1 |   4549 |
|  269947 |    987 |        50 |          4 |   7874 |
|  270101 |    987 |        50 |          2 |   7036 |
|  270106 |    987 |        50 |          3 |   7609 |
|  270125 |    987 |        50 |          5 |   6922 |
|  270162 |    988 |        50 |          4 |   2171 |
|  270209 |    988 |        50 |          5 |    679 |
|  270268 |    988 |        50 |          1 |   3696 |
|  270272 |    988 |        50 |          2 |    583 |
|  270286 |    988 |        50 |          3 |   6478 |
|  270472 |    989 |        50 |          5 |   1217 |
|  270492 |    989 |        50 |          4 |   7101 |
|  270556 |    989 |        50 |          1 |   6540 |
|  270585 |    989 |        50 |          3 |   3012 |
|  270774 |    990 |        50 |          5 |   3954 |
|  270840 |    990 |        50 |          4 |   1921 |
|  270891 |    990 |        50 |          2 |   7590 |
|  270905 |    990 |        50 |          3 |   2863 |
|  271000 |    991 |        50 |          2 |   5390 |
|  271003 |    991 |        50 |          3 |   5001 |
|  271040 |    991 |        50 |          5 |   4568 |
|  271087 |    991 |        50 |          1 |   5387 |
|  271253 |    992 |        50 |          2 |   5199 |
|  271269 |    992 |        50 |          4 |   4813 |
|  271317 |    992 |        50 |          5 |   7397 |
|  271459 |    992 |        50 |          1 |    143 |
|  271468 |    992 |        50 |          3 |   4520 |
|  271568 |    993 |        50 |          1 |     94 |
|  271598 |    993 |        50 |          5 |   6447 |
|  271634 |    993 |        50 |          4 |   5079 |
|  271701 |    993 |        50 |          2 |   4036 |
|  271748 |    993 |        50 |          3 |   3960 |
|  271805 |    994 |        50 |          4 |   2450 |
|  271836 |    994 |        50 |          2 |   7078 |
|  271926 |    994 |        50 |          3 |    744 |
|  271995 |    994 |        50 |          5 |   2361 |
|  272067 |    994 |        50 |          1 |   5996 |
|  272119 |    995 |        50 |          2 |   4949 |
|  272148 |    995 |        50 |          1 |   1740 |
|  272154 |    995 |        50 |          4 |   2199 |
|  272259 |    995 |        50 |          5 |   7956 |
|  272291 |    995 |        50 |          3 |   7832 |
|  272358 |    996 |        50 |          4 |   5171 |
|  272381 |    996 |        50 |          5 |   3600 |
|  272482 |    996 |        50 |          1 |   7688 |
|  272503 |    996 |        50 |          2 |   1130 |
|  272558 |    996 |        50 |          3 |   2149 |
|  272731 |    997 |        50 |          4 |   3275 |
|  272753 |    997 |        50 |          1 |   1418 |
|  272799 |    997 |        50 |          5 |    593 |
|  272816 |    997 |        50 |          3 |   8000 |
|  272890 |    997 |        50 |          2 |   6827 |
|  272911 |    998 |        50 |          5 |   6766 |
|  272961 |    998 |        50 |          1 |   2900 |
|  272973 |    998 |        50 |          4 |    467 |
|  273056 |    998 |        50 |          3 |   1506 |
|  273080 |    998 |        50 |          2 |   4570 |
|  273210 |    999 |        50 |          5 |   3551 |
|  273221 |    999 |        50 |          2 |   6891 |
|  273251 |    999 |        50 |          1 |   3572 |
|  273395 |    999 |        50 |          4 |   3175 |
|  273406 |    999 |        50 |          3 |   1879 |
|  273472 |   1000 |        50 |          2 |   4391 |
|  273536 |   1000 |        50 |          1 |   5126 |
|  273543 |   1000 |        50 |          5 |   5589 |
|  273603 |   1000 |        50 |          3 |   2693 |
|  273665 |   1000 |        50 |          4 |   3094 |
|  273716 |   1001 |        50 |          4 |   1850 |
|  273729 |   1001 |        50 |          5 |    162 |
|  273769 |   1001 |        50 |          3 |   5370 |
|  273831 |   1001 |        50 |          1 |   6500 |
|  273876 |   1001 |        50 |          2 |   3597 |
|  274004 |   1002 |        50 |          5 |   5622 |
|  274070 |   1002 |        50 |          3 |   4151 |
|  274226 |   1002 |        50 |          1 |   1138 |
|  274246 |   1002 |        50 |          2 |    861 |
|  274258 |   1002 |        50 |          4 |   3034 |
|  274286 |   1003 |        50 |          5 |   5189 |
|  274301 |   1003 |        50 |          4 |   2285 |
|  274372 |   1003 |        50 |          3 |    145 |
|  274450 |   1003 |        50 |          1 |   1239 |
|  274471 |   1003 |        50 |          2 |   6467 |
|  274541 |   1004 |        50 |          5 |   2664 |
|  274616 |   1004 |        50 |          4 |    910 |
|  274660 |   1004 |        50 |          2 |   5374 |
|  274727 |   1004 |        50 |          3 |   7825 |
|  274811 |   1004 |        50 |          1 |   7853 |
|  274827 |   1005 |        50 |          4 |   4747 |
|  274884 |   1005 |        50 |          2 |   4437 |
|  275034 |   1005 |        50 |          1 |   5311 |
|  275065 |   1005 |        50 |          5 |   3551 |
|  275066 |   1005 |        50 |          3 |   1883 |
|  275108 |   1006 |        50 |          2 |   7736 |
|  275114 |   1006 |        50 |          5 |   5068 |
|  275226 |   1006 |        50 |          1 |   1927 |
|  275240 |   1006 |        50 |          4 |   5706 |
|  275269 |   1006 |        50 |          3 |   4410 |
|  275407 |   1007 |        50 |          1 |   1569 |
|  275448 |   1007 |        50 |          3 |   2753 |
|  275465 |   1007 |        50 |          4 |   3030 |
|  275535 |   1007 |        50 |          2 |   3946 |
|  275596 |   1007 |        50 |          5 |   6610 |
|  275713 |   1008 |        50 |          3 |   4635 |
|  275775 |   1008 |        50 |          4 |    204 |
|  275783 |   1008 |        50 |          2 |   7541 |
|  275822 |   1008 |        50 |          5 |   2413 |
|  275834 |   1008 |        50 |          1 |   2656 |
|  275924 |   1009 |        50 |          3 |   4809 |
|  275927 |   1009 |        50 |          1 |   2037 |
|  276036 |   1009 |        50 |          4 |   4713 |
|  276172 |   1009 |        50 |          2 |    651 |
|  276179 |   1009 |        50 |          5 |   5413 |
|  276301 |   1010 |        50 |          4 |    634 |
|  276335 |   1010 |        50 |          5 |   6437 |
|  276360 |   1010 |        50 |          3 |   7441 |
|  276426 |   1010 |        50 |          2 |   5731 |
|  276433 |   1010 |        50 |          1 |    950 |
|  276509 |   1011 |        50 |          4 |   3545 |
|  276529 |   1011 |        50 |          2 |   2428 |
|  276535 |   1011 |        50 |          1 |    831 |
|  276567 |   1011 |        50 |          5 |   4678 |
|  276653 |   1011 |        50 |          3 |   4464 |
|  276772 |   1012 |        50 |          5 |   7028 |
|  276878 |   1012 |        50 |          1 |   6364 |
|  276893 |   1012 |        50 |          2 |   3460 |
|  276945 |   1012 |        50 |          4 |   4680 |
|  276976 |   1012 |        50 |          3 |   1645 |
|  277040 |   1013 |        50 |          4 |   1825 |
|  277052 |   1013 |        50 |          2 |   4772 |
|  277182 |   1013 |        50 |          5 |   6293 |
|  277191 |   1013 |        50 |          3 |   7276 |
|  277235 |   1013 |        50 |          1 |    463 |
|  277316 |   1014 |        50 |          4 |   7755 |
|  277328 |   1014 |        50 |          3 |   6833 |
|  277335 |   1014 |        50 |          1 |   2885 |
|  277410 |   1014 |        50 |          5 |     48 |
|  277531 |   1014 |        50 |          2 |    458 |
|  277586 |   1015 |        50 |          1 |   5930 |
|  277602 |   1015 |        50 |          5 |   2537 |
|  277664 |   1015 |        50 |          2 |   3754 |
|  277764 |   1015 |        50 |          3 |   6287 |
|  277769 |   1015 |        50 |          4 |   6786 |
|  277916 |   1016 |        50 |          3 |   4838 |
|  278011 |   1016 |        50 |          1 |   3802 |
|  278020 |   1016 |        50 |          5 |   5293 |
|  278051 |   1016 |        50 |          2 |   3175 |
|  278061 |   1016 |        50 |          4 |    954 |
|  278149 |   1017 |        50 |          3 |   3253 |
|  278175 |   1017 |        50 |          5 |   5379 |
|  278176 |   1017 |        50 |          1 |   3799 |
|  278284 |   1017 |        50 |          4 |   5650 |
|  278361 |   1017 |        50 |          2 |   4658 |
|  278401 |   1018 |        50 |          4 |   2822 |
|  278448 |   1018 |        50 |          5 |   1373 |
|  278534 |   1018 |        50 |          3 |   5160 |
|  278605 |   1018 |        50 |          2 |   2535 |
|  278619 |   1018 |        50 |          1 |    660 |
|  278686 |   1019 |        50 |          2 |   2966 |
|  278826 |   1019 |        50 |          1 |    416 |
|  278845 |   1019 |        50 |          5 |   5046 |
|  278889 |   1019 |        50 |          3 |   5785 |
|  278924 |   1020 |        50 |          2 |   7891 |
|  278986 |   1020 |        50 |          3 |   5562 |
|  279070 |   1020 |        50 |          1 |   7519 |
|  279172 |   1020 |        50 |          4 |   3782 |
|  279191 |   1020 |        50 |          5 |   7522 |
|  279344 |   1021 |        50 |          4 |    871 |
|  279407 |   1021 |        50 |          5 |   1921 |
|  279423 |   1021 |        50 |          1 |   1371 |
|  279434 |   1021 |        50 |          2 |   2659 |
|  279459 |   1021 |        50 |          3 |   7363 |
|  279603 |   1022 |        50 |          5 |   6638 |
|  279630 |   1022 |        50 |          2 |   6900 |
|  279632 |   1022 |        50 |          3 |   5814 |
|  279659 |   1022 |        50 |          4 |   6870 |
|  279722 |   1022 |        50 |          1 |   6012 |
|  279773 |   1023 |        50 |          5 |   7997 |
|  279777 |   1023 |        50 |          3 |    627 |
|  279855 |   1023 |        50 |          1 |   3006 |
|  279901 |   1023 |        50 |          2 |    860 |
|  280043 |   1024 |        50 |          4 |   1775 |
|  280150 |   1024 |        50 |          3 |   2519 |
|  280210 |   1024 |        50 |          1 |   5818 |
|  280226 |   1024 |        50 |          5 |   2295 |
|  280248 |   1024 |        50 |          2 |   1185 |
|  280335 |   1025 |        50 |          5 |   3925 |
|  280451 |   1025 |        50 |          4 |   6466 |
|  280505 |   1025 |        50 |          1 |    762 |
|  280522 |   1025 |        50 |          3 |   3038 |
|  280558 |   1025 |        50 |          2 |   7081 |
|  280640 |   1026 |        50 |          5 |    493 |
|  280660 |   1026 |        50 |          1 |   5231 |
|  280707 |   1026 |        50 |          2 |   5059 |
|  280766 |   1026 |        50 |          4 |   7963 |
|  280776 |   1026 |        50 |          3 |   7291 |
|  280872 |   1027 |        50 |          1 |   4307 |
|  280880 |   1027 |        50 |          4 |    306 |
|  280935 |   1027 |        50 |          2 |   2307 |
|  280949 |   1027 |        50 |          3 |   3579 |
|  281088 |   1027 |        50 |          5 |    988 |
|  281148 |   1028 |        50 |          2 |   4311 |
|  281158 |   1028 |        50 |          1 |   4657 |
|  281202 |   1028 |        50 |          3 |   5369 |
|  281257 |   1028 |        50 |          4 |    170 |
|  281349 |   1028 |        50 |          5 |   2087 |
|  281406 |   1029 |        50 |          5 |   1970 |
|  281505 |   1029 |        50 |          4 |   5614 |
|  281574 |   1029 |        50 |          1 |   3887 |
|  281578 |   1029 |        50 |          2 |   6095 |
|  281650 |   1029 |        50 |          3 |   2395 |
|  281686 |   1030 |        50 |          2 |   1180 |
|  281704 |   1030 |        50 |          4 |   3682 |
|  281828 |   1030 |        50 |          3 |   6726 |
|  281902 |   1030 |        50 |          5 |   3449 |
|  281907 |   1030 |        50 |          1 |   4145 |
|  281961 |   1031 |        50 |          3 |   7052 |
|  281971 |   1031 |        50 |          2 |   2428 |
|  282040 |   1031 |        50 |          5 |   2413 |
|  282058 |   1031 |        50 |          4 |   5534 |
|  282067 |   1031 |        50 |          1 |   7578 |
|  282330 |   1032 |        50 |          3 |   6658 |
|  282334 |   1032 |        50 |          2 |   7231 |
|  282359 |   1032 |        50 |          1 |   7604 |
|  282377 |   1032 |        50 |          5 |   6223 |
|  282398 |   1032 |        50 |          4 |   3095 |
|  282560 |   1033 |        50 |          5 |   5574 |
|  282576 |   1033 |        50 |          1 |   4602 |
|  282583 |   1033 |        50 |          2 |   2103 |
|  282650 |   1033 |        50 |          3 |   7335 |
|  282704 |   1033 |        50 |          4 |   2834 |
|  282778 |   1034 |        50 |          3 |   4873 |
|  282790 |   1034 |        50 |          1 |   6865 |
|  282856 |   1034 |        50 |          2 |   2727 |
|  282879 |   1034 |        50 |          4 |   5621 |
|  282923 |   1034 |        50 |          5 |   7011 |
|  283036 |   1035 |        50 |          2 |   7157 |
|  283120 |   1035 |        50 |          1 |   3251 |
|  283204 |   1035 |        50 |          5 |   5952 |
|  283214 |   1035 |        50 |          4 |   3270 |
|  283260 |   1035 |        50 |          3 |   4842 |
|  283372 |   1036 |        50 |          4 |   5969 |
|  283433 |   1036 |        50 |          2 |   4877 |
|  283518 |   1036 |        50 |          5 |   2862 |
|  283528 |   1036 |        50 |          1 |    958 |
|  283567 |   1036 |        50 |          3 |   2707 |
|  283579 |   1037 |        50 |          1 |   3970 |
|  283591 |   1037 |        50 |          4 |   7515 |
|  283617 |   1037 |        50 |          3 |   3071 |
|  283725 |   1037 |        50 |          2 |   4469 |
|  283849 |   1037 |        50 |          5 |   2312 |
|  284035 |   1038 |        50 |          5 |   5100 |
|  284059 |   1038 |        50 |          3 |    435 |
|  284062 |   1038 |        50 |          4 |    349 |
|  284081 |   1038 |        50 |          2 |   1022 |
|  284093 |   1038 |        50 |          1 |   2416 |
|  284233 |   1039 |        50 |          4 |    937 |
|  284256 |   1039 |        50 |          3 |   2530 |
|  284339 |   1039 |        50 |          2 |   3136 |
|  284345 |   1039 |        50 |          5 |   2580 |
|  284396 |   1039 |        50 |          1 |   6597 |
|  284523 |   1040 |        50 |          2 |   1245 |
|  284527 |   1040 |        50 |          5 |   1167 |
|  284543 |   1040 |        50 |          1 |   4982 |
|  284590 |   1040 |        50 |          3 |   7183 |
|  284636 |   1040 |        50 |          4 |    623 |
|  284687 |   1041 |        50 |          1 |   3836 |
|  284724 |   1041 |        50 |          4 |   7102 |
|  284729 |   1041 |        50 |          2 |   7297 |
|  284791 |   1041 |        50 |          5 |   1220 |
|  284833 |   1041 |        50 |          3 |   3210 |
|  285005 |   1042 |        50 |          4 |    472 |
|  285057 |   1042 |        50 |          5 |   5186 |
|  285109 |   1042 |        50 |          3 |   6062 |
|  285161 |   1042 |        50 |          2 |   4599 |
|  285217 |   1042 |        50 |          1 |   5271 |
|  285230 |   1043 |        50 |          5 |   6077 |
|  285277 |   1043 |        50 |          2 |    850 |
|  285308 |   1043 |        50 |          1 |   3580 |
|  285466 |   1043 |        50 |          3 |   7873 |
|  285502 |   1043 |        50 |          4 |   4922 |
|  285562 |   1044 |        50 |          1 |    121 |
|  285613 |   1044 |        50 |          4 |    190 |
|  285630 |   1044 |        50 |          5 |   7270 |
|  285661 |   1044 |        50 |          3 |   3565 |
|  285706 |   1044 |        50 |          2 |   6342 |
|  285846 |   1045 |        50 |          3 |   1470 |
|  285882 |   1045 |        50 |          1 |   3002 |
|  285901 |   1045 |        50 |          4 |    475 |
|  285917 |   1045 |        50 |          2 |   2302 |
|  286002 |   1045 |        50 |          5 |    341 |
|  286229 |   1046 |        50 |          3 |   5502 |
|  286235 |   1046 |        50 |          4 |   7106 |
|  286243 |   1046 |        50 |          5 |   1594 |
|  286265 |   1046 |        50 |          1 |   5340 |
|  286287 |   1046 |        50 |          2 |    106 |
|  286324 |   1047 |        50 |          1 |   1192 |
|  286334 |   1047 |        50 |          3 |   1076 |
|  286343 |   1047 |        50 |          4 |   5228 |
|  286483 |   1047 |        50 |          2 |   2646 |
|  286521 |   1047 |        50 |          5 |   1435 |
|  286622 |   1048 |        50 |          2 |    563 |
|  286673 |   1048 |        50 |          5 |   7624 |
|  286704 |   1048 |        50 |          3 |   2726 |
|  286823 |   1048 |        50 |          1 |   1188 |
|  286864 |   1048 |        50 |          4 |   1379 |
|  286914 |   1049 |        50 |          2 |   2605 |
|  286945 |   1049 |        50 |          3 |   3093 |
|  287023 |   1049 |        50 |          1 |   2884 |
|  287044 |   1049 |        50 |          4 |   7558 |
|  287133 |   1049 |        50 |          5 |   2053 |
|  287222 |   1050 |        50 |          1 |   6485 |
|  287234 |   1050 |        50 |          4 |   1504 |
|  287290 |   1050 |        50 |          5 |   5983 |
|  287375 |   1050 |        50 |          2 |   7900 |
|  287400 |   1050 |        50 |          3 |   5195 |
|  287523 |   1051 |        50 |          5 |   2458 |
|  287561 |   1051 |        50 |          2 |    263 |
|  287567 |   1051 |        50 |          3 |   3286 |
|  287673 |   1051 |        50 |          4 |   4155 |
|  287818 |   1052 |        50 |          4 |    493 |
|  287820 |   1052 |        50 |          2 |   1847 |
|  287934 |   1052 |        50 |          3 |   4286 |
|  287938 |   1052 |        50 |          1 |   6509 |
|  288075 |   1053 |        50 |          1 |   6586 |
|  288085 |   1053 |        50 |          5 |    456 |
|  288183 |   1053 |        50 |          4 |   1739 |
|  288206 |   1053 |        50 |          3 |   6985 |
|  288229 |   1053 |        50 |          2 |    514 |
|  288300 |   1054 |        50 |          3 |   1631 |
|  288329 |   1054 |        50 |          2 |   3309 |
|  288359 |   1054 |        50 |          5 |   2208 |
|  288370 |   1054 |        50 |          1 |   7665 |
|  288485 |   1054 |        50 |          4 |   7853 |
|  288615 |   1055 |        50 |          2 |   1046 |
|  288665 |   1055 |        50 |          5 |   3754 |
|  288703 |   1055 |        50 |          4 |   6216 |
|  288706 |   1055 |        50 |          3 |   2438 |
|  288721 |   1055 |        50 |          1 |   1304 |
|  288802 |   1056 |        50 |          5 |   4654 |
|  288821 |   1056 |        50 |          3 |    824 |
|  288836 |   1056 |        50 |          1 |   6082 |
|  288846 |   1056 |        50 |          2 |   4142 |
|  289019 |   1056 |        50 |          4 |   7281 |
|  289167 |   1057 |        50 |          2 |   7890 |
|  289224 |   1057 |        50 |          4 |    165 |
|  289254 |   1057 |        50 |          3 |   5176 |
|  289321 |   1057 |        50 |          1 |   1190 |
|  289330 |   1057 |        50 |          5 |   4365 |
|  289411 |   1058 |        50 |          3 |   6105 |
|  289437 |   1058 |        50 |          5 |   2883 |
|  289444 |   1058 |        50 |          4 |    952 |
|  289479 |   1058 |        50 |          2 |    841 |
|  289560 |   1058 |        50 |          1 |   2122 |
|  289667 |   1059 |        50 |          2 |     69 |
|  289671 |   1059 |        50 |          4 |   7030 |
|  289722 |   1059 |        50 |          3 |   6666 |
|  289724 |   1059 |        50 |          5 |   7812 |
|  289789 |   1059 |        50 |          1 |   3111 |
|  289917 |   1060 |        50 |          4 |   1865 |
|  290025 |   1060 |        50 |          5 |   5097 |
|  290035 |   1060 |        50 |          3 |    371 |
|  290127 |   1060 |        50 |          2 |   5036 |
|  290130 |   1060 |        50 |          1 |   6754 |
|  290195 |   1061 |        50 |          4 |   3480 |
|  290273 |   1061 |        50 |          2 |   2277 |
|  290287 |   1061 |        50 |          1 |   4560 |
|  290337 |   1061 |        50 |          5 |     56 |
|  290355 |   1061 |        50 |          3 |   5486 |
|  290458 |   1062 |        50 |          5 |   1878 |
|  290555 |   1062 |        50 |          1 |   1451 |
|  290584 |   1062 |        50 |          4 |   3568 |
|  290600 |   1062 |        50 |          3 |   3805 |
|  290622 |   1062 |        50 |          2 |   5832 |
|  290794 |   1063 |        50 |          4 |   4012 |
|  290815 |   1063 |        50 |          2 |   2755 |
|  290822 |   1063 |        50 |          5 |   4937 |
|  290825 |   1063 |        50 |          1 |   6833 |
|  290927 |   1063 |        50 |          3 |   7102 |
|  291051 |   1064 |        50 |          3 |    712 |
|  291117 |   1064 |        50 |          5 |   1852 |
|  291120 |   1064 |        50 |          4 |   5843 |
|  291183 |   1064 |        50 |          2 |   7955 |
|  291210 |   1064 |        50 |          1 |   7718 |
|  291254 |   1065 |        50 |          4 |   7961 |
|  291269 |   1065 |        50 |          5 |   2816 |
|  291281 |   1065 |        50 |          3 |    721 |
|  291378 |   1065 |        50 |          2 |   6897 |
|  291388 |   1065 |        50 |          1 |   6429 |
|  291532 |   1066 |        50 |          2 |   1294 |
|  291566 |   1066 |        50 |          1 |   7543 |
|  291603 |   1066 |        50 |          5 |   3461 |
|  291614 |   1066 |        50 |          3 |   3583 |
|  291761 |   1066 |        50 |          4 |   7579 |
|  291850 |   1067 |        50 |          3 |   5047 |
|  291860 |   1067 |        50 |          5 |    263 |
|  291912 |   1067 |        50 |          4 |   4534 |
|  292033 |   1067 |        50 |          1 |   2485 |
|  292062 |   1067 |        50 |          2 |   3552 |
|  292101 |   1068 |        50 |          2 |    848 |
|  292198 |   1068 |        50 |          4 |   6350 |
|  292219 |   1068 |        50 |          1 |   3680 |
|  292291 |   1068 |        50 |          3 |   7615 |
|  292342 |   1069 |        50 |          5 |   2499 |
|  292347 |   1069 |        50 |          2 |   5040 |
|  292411 |   1069 |        50 |          1 |   4504 |
|  292465 |   1069 |        50 |          4 |   3570 |
|  292583 |   1069 |        50 |          3 |    419 |
|  292666 |   1070 |        50 |          3 |    684 |
|  292751 |   1070 |        50 |          1 |   1202 |
|  292772 |   1070 |        50 |          4 |   7588 |
|  292823 |   1070 |        50 |          5 |   3249 |
|  292830 |   1070 |        50 |          2 |     89 |
|  292905 |   1071 |        50 |          4 |   6717 |
|  292929 |   1071 |        50 |          3 |   3491 |
|  292956 |   1071 |        50 |          5 |   3839 |
|  293013 |   1071 |        50 |          2 |    760 |
|  293037 |   1071 |        50 |          1 |   6033 |
|  293248 |   1072 |        50 |          5 |   7682 |
|  293272 |   1072 |        50 |          3 |   2424 |
|  293288 |   1072 |        50 |          1 |   1125 |
|  293318 |   1072 |        50 |          2 |   4846 |
|  293374 |   1072 |        50 |          4 |    258 |
|  293445 |   1073 |        50 |          2 |   4202 |
|  293580 |   1073 |        50 |          1 |   7026 |
|  293608 |   1073 |        50 |          5 |   3125 |
|  293615 |   1073 |        50 |          3 |   1840 |
|  293618 |   1073 |        50 |          4 |    114 |
|  293711 |   1074 |        50 |          4 |   5513 |
|  293728 |   1074 |        50 |          2 |   5289 |
|  293803 |   1074 |        50 |          1 |   3929 |
|  293846 |   1074 |        50 |          3 |   5674 |
|  293860 |   1074 |        50 |          5 |   7091 |
|  293992 |   1075 |        50 |          4 |   5639 |
|  294089 |   1075 |        50 |          1 |   1772 |
|  294152 |   1075 |        50 |          5 |   3840 |
|  294157 |   1075 |        50 |          3 |   6778 |
|  294220 |   1075 |        50 |          2 |    443 |
|  294274 |   1076 |        50 |          3 |   2095 |
|  294286 |   1076 |        50 |          1 |   1963 |
|  294298 |   1076 |        50 |          2 |   7171 |
|  294497 |   1076 |        50 |          4 |   6081 |
|  294511 |   1076 |        50 |          5 |    652 |
|  294596 |   1077 |        50 |          4 |    470 |
|  294649 |   1077 |        50 |          3 |   1593 |
|  294688 |   1077 |        50 |          1 |   1043 |
|  294749 |   1077 |        50 |          5 |   2688 |
|  294754 |   1077 |        50 |          2 |   3812 |
|  294850 |   1078 |        50 |          2 |   5697 |
|  294873 |   1078 |        50 |          5 |   5482 |
|  294881 |   1078 |        50 |          1 |   1488 |
|  294888 |   1078 |        50 |          3 |   2298 |
|  295008 |   1078 |        50 |          4 |    438 |
|  295134 |   1079 |        50 |          2 |   2723 |
|  295220 |   1079 |        50 |          1 |   7903 |
|  295233 |   1079 |        50 |          3 |   6103 |
|  295250 |   1079 |        50 |          5 |   4597 |
|  295280 |   1079 |        50 |          4 |   3414 |
|  295384 |   1080 |        50 |          2 |   3400 |
|  295403 |   1080 |        50 |          3 |   3726 |
|  295448 |   1080 |        50 |          4 |   4896 |
|  295583 |   1080 |        50 |          1 |   3353 |
|  295602 |   1080 |        50 |          5 |   1604 |
|  295668 |   1081 |        50 |          2 |   5697 |
|  295686 |   1081 |        50 |          5 |   1397 |
|  295786 |   1081 |        50 |          4 |   4021 |
|  295797 |   1081 |        50 |          1 |   1595 |
|  295805 |   1081 |        50 |          3 |   3219 |
|  295921 |   1082 |        50 |          2 |   6144 |
|  295983 |   1082 |        50 |          3 |   4459 |
|  296074 |   1082 |        50 |          1 |   7778 |
|  296100 |   1082 |        50 |          5 |   7794 |
|  296120 |   1082 |        50 |          4 |    256 |
|  296247 |   1083 |        50 |          5 |   4530 |
|  296315 |   1083 |        50 |          3 |   1809 |
|  296329 |   1083 |        50 |          1 |   6322 |
|  296365 |   1083 |        50 |          4 |    845 |
|  296432 |   1083 |        50 |          2 |   1903 |
|  296488 |   1084 |        50 |          4 |   3594 |
|  296496 |   1084 |        50 |          1 |   1027 |
|  296573 |   1084 |        50 |          3 |   1325 |
|  296581 |   1084 |        50 |          5 |   4420 |
|  296587 |   1084 |        50 |          2 |   2323 |
|  296723 |   1085 |        50 |          5 |   3198 |
|  296724 |   1085 |        50 |          2 |   6656 |
|  296866 |   1085 |        50 |          4 |   1535 |
|  296900 |   1085 |        50 |          1 |   4442 |
|  296942 |   1085 |        50 |          3 |   2445 |
|  296997 |   1086 |        50 |          2 |   3454 |
|  297106 |   1086 |        50 |          3 |   1289 |
|  297208 |   1086 |        50 |          1 |   6657 |
|  297233 |   1086 |        50 |          5 |    834 |
|  297313 |   1087 |        50 |          1 |    681 |
|  297364 |   1087 |        50 |          2 |    777 |
|  297389 |   1087 |        50 |          4 |    820 |
|  297409 |   1087 |        50 |          5 |   2107 |
|  297417 |   1087 |        50 |          3 |    925 |
|  297606 |   1088 |        50 |          3 |   6077 |
|  297697 |   1088 |        50 |          5 |   3260 |
|  297764 |   1088 |        50 |          2 |   4655 |
|  297791 |   1088 |        50 |          1 |   1693 |
|  297808 |   1088 |        50 |          4 |   7892 |
|  297834 |   1089 |        50 |          4 |   4380 |
|  297847 |   1089 |        50 |          2 |   1834 |
|  298040 |   1089 |        50 |          5 |   6262 |
|  298052 |   1089 |        50 |          1 |    241 |
|  298095 |   1090 |        50 |          5 |   7162 |
|  298214 |   1090 |        50 |          4 |   4667 |
|  298287 |   1090 |        50 |          3 |   6350 |
|  298317 |   1090 |        50 |          1 |   4938 |
|  298346 |   1090 |        50 |          2 |   2664 |
|  298373 |   1091 |        50 |          4 |   3930 |
|  298383 |   1091 |        50 |          2 |   3430 |
|  298388 |   1091 |        50 |          3 |    796 |
|  298542 |   1091 |        50 |          1 |   7291 |
|  298562 |   1091 |        50 |          5 |   4358 |
|  298717 |   1092 |        50 |          1 |    714 |
|  298723 |   1092 |        50 |          2 |   7925 |
|  298740 |   1092 |        50 |          4 |   7460 |
|  298770 |   1092 |        50 |          5 |   2147 |
|  298781 |   1092 |        50 |          3 |   2982 |
|  298951 |   1093 |        50 |          4 |   5467 |
|  298954 |   1093 |        50 |          1 |   2083 |
|  299051 |   1093 |        50 |          3 |   2693 |
|  299058 |   1093 |        50 |          2 |   2799 |
|  299093 |   1093 |        50 |          5 |   2219 |
|  299192 |   1094 |        50 |          3 |   4936 |
|  299279 |   1094 |        50 |          4 |    715 |
|  299280 |   1094 |        50 |          2 |   7715 |
|  299347 |   1094 |        50 |          5 |    388 |
|  299355 |   1094 |        50 |          1 |   4457 |
|  299463 |   1095 |        50 |          5 |   1754 |
|  299491 |   1095 |        50 |          1 |    194 |
|  299508 |   1095 |        50 |          3 |   4708 |
|  299545 |   1095 |        50 |          4 |   6925 |
|  299695 |   1095 |        50 |          2 |   5931 |
|  299845 |   1096 |        50 |          3 |    902 |
|  299871 |   1096 |        50 |          5 |   1867 |
|  299895 |   1096 |        50 |          1 |   1425 |
|  299983 |   1096 |        50 |          4 |   1937 |
|  299991 |   1096 |        50 |          2 |   6568 |
+---------+--------+-----------+------------+--------+
5364 rows in set (0.02 sec)

mysql> 
mysql> EXPLAIN SELECT * FROM FactSales WHERE countryid = 50;
+----+-------------+-----------+------------+------+---------------+---------------+---------+-------+------+----------+-------+
| id | select_type | table     | partitions | type | possible_keys | key           | key_len | ref   | rows | filtered | Extra |
+----+-------------+-----------+------------+------+---------------+---------------+---------+-------+------+----------+-------+
|  1 | SIMPLE      | FactSales | NULL       | ref  | idx_countryid | idx_countryid | 5       | const | 5364 |   100.00 | NULL  |
+----+-------------+-----------+------------+------+---------------+---------------+---------+-------+------+----------+-------+
1 row in set, 1 warning (0.00 sec)

mysql> 